0 86.4 13.4 60.7 46.0 0.7  2.6  9.6  22.7 13   21   32.5 48.4 103  10.2 113  73.2 88.1 18.8 47.5 68.3 32.6 7.6  16.2 14.2 8.8  13.4 26.4 27.7 15    87   86.9 78.5 89.5 85.9 66.7 87.8 85.6 34.6 5.4  10.2 7.5  98.7 12.7 68.5 87.2 14.4 45.2 87.4 86.6 87.4 87.2 71.3 95.1 87.1 87.4
0 68.6 41.9 20.1 68.6 65.2 65.8 109  70   53.4 44.4 18.4 49.6 66.4 67.5 4.2  32.6 104  24.6 4.7  93.6 65.5 72.5 70.5 65.1 69.6 99.5 101  71.2 41.9  41.2 38.6 43.5 40.9 59   42.3 37.8 95.6 62.7 66.4 63.7 35.2 72.5 3.2  3.5  70.6 21.1 42.8 62.8 41.8 41.6 10.9 50   42.1 42.4
0 65.1 50.4 13.8 13.8 5.1  12.6 2.2  29.5 36.9 52.9 92.8 7    102  105  77.9 6    51.9 103  22.5 10.8 3.9  2.7  3.9  1.1  16.2 17.6 4.8  76.8 76.7  83   79.3 75.8 56.5 77.7 75.5 24.5 8.3  5.3  9    79.6 17.7 73   73.2 2.8  49.7 77.3 76.5 77.3 77.1 99.1 84.9 77.3 77.3
0 65.4 64.4 61   61.6 51.4 65.8 51.4 51.9 56.7 72.1 62.2 89.9 41   57   46.3 62.9 38.9 51.4 61.3 51.2 66.3 60.9 65.4 48.8 50.1 45.6 64.3 63.6 18.7  65.9 63.3 51.8 64.7 60.2 54.2 58.5 62.2 59.5 57   26.2 41.1 41.4 66.4 64.6 64.3 63.7 64.3 64   37.3 72.4 64.8 64.8
0 49   45.7 46.3 59.4 50.4 33.9 24.8 4.3  65.3 0.1  106  73.7 83.2 12.2 47.9 68.8 26   6.6  9.6  7.6  2.2  6.7  19.8 21.1 8.4  80.3 80.3 79   82.8  79.3 60.1 81.3 79   28   4.1  1.8  4.8  83.1 13.7 69   69.2 7.8  45.7 80.8 80   80.8 80.6 71.9 88.5 80.8 80.8
0 3    9.4  22.5 13.5 21.7 32.2 48.2 103  10   114  73   89.6 18.6 47.2 68.1 32.4 7.3  16   14   8.6  13.1 26.1 27.5 14.8 86.7 86.6 78.3 89.2 85.7  66.5 87.7 85.4 34.4 5.2  10   7.3  89.5 12.5 68.3 68.5 14.2 45   87.2 86.4 87.2 87   71.1 94.9 87.2 87.2
0 9.9  23.1 14.1 19.2 32.7 48.7 103  10.5 113  73.5 90.1 19.1 47.7 68.7 33   7.9  16.6 14.6 9.2  13.7 26.7 28.1 15.3 87.2 87.2 78.8 89.8 86.3 67    88.2 85.9 35   5.8  10.5 7.8  90.1 13   68.8 69   14.7 45.5 87.8 86.7 87.8 87.6 71.7 95.4 87.8 87.8
0 15.3 6.3  26.3 33.7 49.7 95.6 2.7  105  74.5 82.4 11.3 48.7 69.6 25.2 7.6  8.8  6.8  1.4  5.9  18.9 20.3 7.6  79.5 79.4 79.8 82   78.5 59.3 80.5  78.2 27.2 5.2  1    5.8  82.3 14.5 69.8 70   6.9  46.5 80   79.2 80   79.8 102  87.7 80   80 
0 13.4 38.8 46.2 62.2 93.3 18.7 103  106  78.3 8.8  61.2 104  22.9 20   14.1 13.9 14.3 12.6 16.7 7.5  12.1 77.2 77.2 67.5 79.7 76.2 57   78.2 75.9  24.9 17.6 15.6 18.2 80   27   108  108  14   58   77.7 76.9 77.7 77.5 99.6 85.4 77.8 77.7 
0 0.1  20.6 36.5 119  26.4 129  61.3 106  35   35.6 56.4 48.8 25.5 32.4 30.4 25   29.5 42.6 43.9 31.2 103  103  69.2 106  102  82.9 104  75.8 24.8  8.7  6.7  9.3  79.9 18   73.3 73.5 1.1  50   77.7 76.8 77.6 77.4 99.4 85.2 77.6 77.6 
0 20.6 36.5 119  26.4 129  61.3 106  35   35.6 56.4 48.8 25.5 32.4 30.4 25   29.6 42.6 43.9 31.2 103  103  69.2 106  102  82.9 104  102  50.8 22.7  26.4 23.7 106  29.3 56.6 56.9 30.6 33.4 104  103  104  103  59.5 111  104  104
0 27.2 88.8 33.3 136  52   74.5 41.9 25.9 47.1 55.8 32.4 39.4 37.4 32   36.5 49.5 50.9 38.1 111  110  69.4 113  109  89.9 111  77   57.8 29.6 33.4  30.6 74.4 39.4 47.3 47.6 37.5 24   111  110  111  110  50.1 118  111  111
0 63   49.2 80.9 26.1 48.6 57.8 9.6  21.2 71.7 48.3 55.3 55.3 47.5 52.4 65.4 66.8 54.1 55.2 54.6 52   56.8 54.2 72.4 55.6 51.1 73.7 45.4 49.2  46.5 48.5 55.3 21.4 21.7 53.4 6.1  55.2 54.6 55.2 54.9 24.3 63.4 55.7 55.7
0 98.5 15.7 46.1 14.9 88.6 68.6 44   77.8 99.9 93.9 93.7 94.2 92.4 83.7 85.1 92   26   25.4 57   24.3 25.1 43.2 23.8 22   79.8 97.5 95.5 98.1 14.8  107  47.9 48.1 93.9 66.1 26   25.5 26   25.8 39.9 16.6 26.6 26.6
0 106  73.7 81.4 12.2 47.9 68.8 26   6.6  9.6  7.6  2.2  6.7  19.8 21.1 8.4  81.3 80.3 79   82.8 79.3 60.1 81.3 79   28   4.1  2.1  4.8  83.1 13.7  69   69.2 7.8  45.7 80.8 80   80.8 80.6 71.8 88.5 80.8 80.8
0 63.4 30.6 98.5 86.9 61.3 87.7 110  104  104  104  102  93.7 95   102  26   25   74.3 25.1 27.1 53.1 24.6 30.5 89.7 107  105  108  30.5 117  65.2  65.4 104  83.4 25.7 27.6 25.9 26.5 57.2 17.2 25.7 25.7 
0 32   101  32.6 3.4  90.3 73.6 106  106  73.1 105  96.2 97.6 104  38.5 37.9 36.7 40.2 37.6 55.7 39   34.5 92.3 70.7 74.4 71.7 31.9 80.5 3.6  3.8   106  29.1 38.5 38   38.5 38.3 7.5  46.7 39.1 39.1
0 73.4 52.4 26.8 62.7 84.8 78.8 78.6 79   77.3 68.6 70   76.8 10.9 10.3 39.8 12.5 9.9  28.1 11.4 6.9  64.7 82.3 80.3 83   2.2  91.7 30.6 30.9 78.7  48.9 10.9 10.4 10.9 10.7 22.7 19.1 11.5 11.4
0 56.7 99.6 18.9 15.5 5.1  5.1  9.8  8    12.6 14   5.1  73.2 73.1 58.5 75.7 72.2 52.6 74.1 71.9 20.9 13.1 11.1 13.7 76   22.5 104  104  5.3  54.4  73.7 72.8 73.7 73.5 95.5 81.3 73.7 73.7 
0 27.8 70.6 47.3 54.2 52.2 46.8 51.3 64.4 64.7 53   61.8 81.2 58.6 63.4 60.8 79   62.2 57.8 72.6 44.5 48.2 45.5 55.1 54.3 28   28.3 52.4 6.2  61.8  61.2 61.8 61.6 30.9 70   62.4 62.3 
0 88.1 71.3 104  104  70.8 103  94   95.3 102  36.3 35.7 34.4 37.9 35.3 53.5 36.7 32.3 90.1 68.5 72.2 69.5 29.6 78.3 3.8  4    104  26.8 36.3 35.7  36.3 36   5.2  44.5 36.8 36.8
0 29.9 23.9 23.7 24.1 22.4 10.3 14.6 21.9 61.6 61.6 79.8 64.1 60.1 41.4 62.6 60.3 4    27.4 25.5 28.1 64.4 36.8 91.9 92.2 23.9 68.8 62.1 61.3 62.1  61.9 84   69.8 62.1 62.1
0 13.3 11.3 5.9  10.4 23.4 24.8 12.1 84   83.9 81.5 86.5 83   63.7 84.9 82.7 31.7 3    6.9  1.8  86.8 10.6 71.5 71.7 11.4 48.2 84.5 83.7 84.5 84.3  106  92.2 84.5 84.5
0 1    5.3  2.8  16.5 17.9 5.1  77   77   83.3 79.6 76.1 56.8 78   75.8 24.8 8.6  6.6  9.3  79.9 18   73.2 73   1.1  50   77.6 76.7 77.6 77.4 99.4  85.2 77.6 77.6
0 5.3  2.4  16.5 17.8 5.1  70   77   83.2 79.5 76   56.8 78   75.7 24.7 8.6  5.7  9.2  79.8 18   73.2 73.4 0.1  49.9 77.5 76.7 77.5 77.3 99.4 85.2  77.6 77.5
0 5.2  18.2 19.5 6.8  78.7 78.7 79   81.3 77.8 58.5 79.7 77.4 26.4 4.4  1.3  5    81.5 13.8 69   69.3 6.2  45.7 79.2 78.4 79.3 79.1 101  86.9 79.3  79.3
0 16.3 17.7 4.9  76.9 76.8 80.2 79.4 75.9 56.6 77.9 75.6 24.6 5.6  3.6  6.2  79.7 14.9 70.2 70.4 2.9  46.9 77.4 76.6 77.4 77.2 99.2 85.1 77.4 77.4 
0 5    16.4 68.2 68.2 86.4 70.8 67.3 48   69.2 66.9 9.3  21.9 19.9 22.5 71   31.3 98.6 98.8 18.3 63.3 68.7 67.9 68.8 68.6 90.6 76.4 68.8 68.8 
0 14.4 70.2 70.2 88.5 72.8 69.3 50   71.2 69   14.3 19.9 17.9 20.5 73.1 29.3 101  101  16.3 61.3 70.8 69.9 70.8 70.6 92.6 78.4 70.8 70.8 
0 76.8 76.8 62.1 79.3 75.8 56.7 77.8 75.5 24.5 9.2  7.2  9.8  79.6 18.6 73.8 74.1 5.7  50.6 77.3 76.7 77.3 77.1 99.2 85 77.3 77.3 
0 0.1  49.3 3.6  2    28.1 3.1  5    64.7 82.3 80.3 83   12.6 91.7 40.1 40.4 78.7 58.4 2.8  0.9  2.9  1.5  32.1 9.1  1.2 1.2
0 48.7 3.1  1.3  27.5 2.5  4.9  64.1 81.8 79.8 82.4 12   91.1 39.6 39.8 78.2 57.8 1.8  0.8  2    0.5  31.6 8.6  0.9  0.9 
0 50.7 48.1 36.6 49.5 45   81.4 76   79.7 77   41.7 43.7 37   37.2 83.9 55.2 49   48.5 49   48.8 33.1 57.2 49.6 49.6 
0 1.9  28   2.9  5.3  64.6 82.2 80.3 82.9 12.5 91.6 40   40.3 78.7 57.3 2.7  2.5  4.2  1.4  32   9    0.5  0.5
0 26.6 3.2  5.1  63.2 80.9 78.9 1.5  12.2 90.2 39.8 40   77.3 58   2.8  1.8  3    1.5  31.8 9.1  1.7  1.7
0 30.6 28.3 44.2 61.8 59.8 62.4 32.4 71.2 60   60.2 58.2 78.2 30.1 29.3 30.2 30   52   37.8 30.2 30.2
0 6.7  66   83.6 81.6 84.2 13.9 93   41.4 41.7 80   59.6 1.3  3    1.5  2.8  33.4 7.1  1.9  1.9
0 62.3 79.9 77.9 80.6 8.3  89.3 35.8 36.1 76.4 54.1 4.6  4.9  4.6  5.2  27.8 13.6 6    6
0 29.6 27.6 30.2 66.5 38.9 94.1 94.3 26   70.9 64.2 63.4 64.2 64   86.1 71.9 64.3 64.2
0 4.4  2    84.3 9.5  69   68.2 8.9  45.7 82   81.2 82   81.8 104  89.6 82   82 
0 4.6  81.8 14   69.2 69.5 6.4  46   79.5 78.7 79.5 79.3 101  87.1 79.5 79.5
0 85.5 11.7 70.2 70.5 10.2 46.9 83.2 82.4 83.2 83   105  90.9 83.3 83.2
0 93.3 34.3 34.6 80.3 52.5 12.5 11.9 12.5 12.2 26.3 20.7 13   13
0 72.5 72.7 18.6 49.2 91.6 90.8 91.6 91.5 75.3 99.3 91.7 91.7 
0 1    72.7 23.2 38.2 37.6 38.2 38   7.1  46.4 38.8 38.7
0 72.4 22.9 38.4 37.9 38.4 38.2 7.3  46.6 39   39
0 49.8 77.5 76.6 77.4 77.2 99.2 85   77.4 77.4 
0 58.2 57.7 58.3 58   27.3 66.4 58.8 58.8 
0 3.6  2.1  3.4  34.1 7.7  2.6 2.5
0 2    0.6  31.6 8.8  1.1  1.1 
0 2.3  31.1 8.7  2.9  2.2
0 31.5 8.7  3.6  1.7 
0 40   32.4 32.4
0 8.2  8.2
0 0.5
0