0 60 15  63  57  2   6   13  24 17  31  44 62  89 14 103 79 63  19 62 75 29  16 20 19 10 14 25 30  15 61 61 86 67 58 51 64 60 34 9  13 12 66 27 77 63 20 58 63 60 64 62 75 72 62 64
0 72 65  25  75  74  71  78  74 72  63  24 57  72 81 12  30 72  28 11 69 75  78 77 68 72 71 77 73  39 38 60 43 35 52 40 33 74 66 71 69 35 88 8  8  77 26 49 67 40 39 14 49 40 41
0 61 55  16  16  11  16  6   32 42  60  81 14  95 73 55  11 61  70 22 17 10  9  7  61 17 22 7  53  53 84 58 50 43 56 52 26 9  10 11 58 29 76 76 9  57 55 52 56 54 67 63 56 56
0 78 64  63  59  71  63  62  65 79  101 61 125 64 79 62  83 60  72 63 68 65  56 60 75 71 58 83 82  28 87 79 72 84 77 76 55 59 58 79 53 66 66 66 80 83 81 84 83 60 93 85 85
0 60 59  55  66  59  57  48  12 72  1   98 75  62 14 58  71 25  15 15 14 5   10 20 25 11 56 56 82  62 53 46 59 55 30 7  4  9  62 27 73 74 15 54 58 55 59 58 71 67 59 59 
0 7  13  23  16  32  44  61  88 14  107 78 76  18 62 74  29 16  20 19 10 14  24 30 15 61 60 86 66  57 50 64 59 34 8  13 11 66 27 77 77 19 58 62 60 64 62 75 71 63 63 
0 13 24  17  28  44  62  89  15 103 79  67 19  62 75 30  17 21  20 10 15 25  31 16 61 61 26 77 58  51 65 60 35 9  14 12 67 27 77 78 20 58 63 61 65 63 75 72 64 64
0 17 10  29  40  57  82  6   96 74  60  12 58  70 23 14  14 13  3  9  18 23  9  54 54 82 60 51 44  58 53 28 7  3  9  60 27 73 73 13 54 56 54 57 56 68 65 57 57 
0 18 40  50  68  83  21  98  75 57  12  68 72  24 24 19  20 15  13 19 20 13  55 55 92 61 52 45 58  54 29 17 18 19 61 37 79 79 21 64 57 54 58 57 69 66 58 58 
0 1  44  61  105 31  120 79  84 36  62  74 46  34 37 36  27 31  41 47 32 78  78 87 83 75 67 81 54  28 11 12 13 60 31 78 78 5  59 57 54 58 56 69 65 58 57 
0 44 61  105 31  120 79  84  36 62  74  46 34  37 36 27  31 41  47 32 78 78  87 83 75 67 81 76 51  26 30 28 83 47 77 77 37 58 80 77 81 79 75 88 81 80 
0 52 109 41  129 69  87  45  46 65  56  43 47  46 36 41  51 56  42 87 87 88  63 84 77 91 85 61 35  40 38 87 57 67 68 46 49 90 87 90 89 65 98 90 90 
0 70 59  94  30  48  63  14  26 74  61  65 65  54 59 69  75 60  51 51 73 55  48 64 53 46 79 53 58  56 48 75 29 29 64 11 52 49 53 52 27 62 54 54
0 83 29  51  29  74  72  48  71 86  81  82 77  75 73 79  75 41  40 81 42 37  54 42 35 76 79 80 81  29 99 55 55 83 70 41 39 42 41 45 30 44 43
0 98 75  58  14  58  71  25  15 15  14  5  10  20 25 11  59 56  82 62 53 46  59 55 30 7  5  9  62  27 73 74 15 54 58 55 59 58 71 67 59 59 
0 75 59  91  96  72  88  103 98 99  93  92 90  96 92 46  46 104 44 48 70 43  53 93 96 96 98 59 116 79 79 99 93 47 50 47 48 69 31 46 46 
0 32 69  35  6   66  79  76  77 72  70  68 74  70 36 35  59 40  32 49 37 31  71 71 75 73 32 92 11  11 78 32 36 34 37 36 12 46 39 38 
0 50 46  22  47  62  57  57  52 51  49  54 51  16 15 54  20 13  29 18 11 52  54 55 56 8  75 29 29  58 43 16 14 17 17 19 26 19 18 
0 63 68  20  19  12  13  10  8  15  20  9  51  51 84 57  48 41  54 50 24 12  13 14 57 32 75 75 14  59 53 50 54 53 65 61 54 54
0 30 74  61  64  63  54  58  69 74  60  56 55  77 60 52  69 57  50 78 53 58  56 52 75 33 33 64 10  56 54 57 56 31 66 58 58 
0 62 74  72  73  68  66  64  70 66  31  30 55  35 28 44  33 26  67 66 71 69  28 88 9  10 73 28 32  29 33 32 8  42 34 34
0 29 24  25  20  18  14  23  18 44  44  83 5   41 34 48  43 11  22 23 24 50  42 69 68 26 69 46 44  47 46 58 55 47 47 
0 21 20  10  15  25  30  16  61 61  88  67 58  51 65 60  35 8   14 7  67 27  80 80 20 61 63 61 64  63 75 72 64 64
0 5  9   7   18  24  9   55  55 86  60  52 44  58 53 28  11 12  13 60 31 77  78 5  58 57 54 58 56  69 65 58 57 
0 10 7   19  25  10  56  55  87 61  52  45 59  54 29 12  13 14  61 32 78 78  1  59 58 55 59 57 70  66 59 58 
0 6  16  22  7   53  53  80  58 50  43  56 52  26 5  3   7  58  26 72 72 12  53 55 52 56 54 67 63  56 56 
0 16 22  7   53  52  83  58  49 42  56  51 26  8  8  10  58 28  74 74 9  55  54 52 56 54 67 63 55  55 
0 12 16  50  50  89  56  47  40 54  49  18 20  21 22 56  40 74  74 24 68 52  50 53 52 64 61 53 53
0 21 57  57  95  62  54  46  60 55  27  25 26  27 62 45  80 81  29 73 59 56  60 58 71 67 60 59 
0 51 51  81  57  48  41  55  50 25  8   8  10  57 28 74  74 11  55 53 51 55  53 66 62 54 54
0 1  63  11  7   29  9   11  52 54  55  56 19  75 37 38  58 52  11 3  12 6   28 16 5  5
0 61 8   5   27  7   10  49  52 53  54  17 72  35 35 56  50 8   3  9  2  26  14 5  4 
0 76 58  51  63  56  86  76  80 78  58  73 57  57 87 72  62 60  63 62 51 72  65 64
0 5  27  7   10  50  53  54  55 17  73  36 36  56 50 10  7  11  5  26 14 3   2
0 27 9   11  49  52  53  54  18 72  36  37 56  51 11 7   12 6   27 13 8  7 
0 35 30  43  46  47  48  37  66 55  56  49 70  34 31 35  33 46  42 35 34
0 13 53  56  57  58  20  76  39 39  59  53 6   10 6  8   29 12  6  6
0 49 52  53  54  15  72  33  33 56  48  13 11  15 13 23  23 15  15
0 28 29  30  56  49  74  74  32 76  52  50 54  52 65 61  54 53
0 7  4   60  23  72  73  13  53  56  53 57  56 68 64 57  57 
0 9  59  26  72  73  13  54  56 53  57  55 68  64 57 56 
0 62 25  75  76  16  56  59  56 60  58  71 67  60 60
0 77 32  33  60  47  18  16  20 19  23  28 21  21
0 90 90  33  71  76  73  77  75 88  84  77 76 
0 4  82  32  38  36  39  39  14 48  41  40
0 82 32  38  36  40  39  14  48 41  41 
0 59 57  54  58  56  69  65  58 58
0 53 51  54  54  28  63  56  55 
0 13 9   12  33  15  10  10
0 9  3   26  15  6   6
0 8  27  17  11  10 
0 28 18  13  9 
0 38 31  30 
0 15 15
0 3
0